Using Theano backend.
WARNING (theano.tensor.blas): Using NumPy C-API based implementation for BLAS functions.
Loaded model from disk
('The mse is ', 0.3187778866291046)
[[0.49214846]
 [0.6516636 ]
 [0.5013305 ]
 [0.469659  ]
 [0.4490735 ]
 [0.5272633 ]
 [0.59641504]
 [0.64162785]
 [0.666435  ]
 [0.63393253]
 [0.49232554]
 [0.65005493]
 [0.490895  ]
 [0.5958197 ]
 [0.48490927]
 [0.55395645]
 [0.46701655]
 [0.65283173]
 [0.639035  ]
 [0.635845  ]
 [0.64921314]
 [0.48899642]
 [0.48897928]
 [0.42567655]
 [0.5245891 ]
 [0.43559557]
 [0.59705734]
 [0.558623  ]
 [0.42734572]
 [0.48559996]
 [0.58669615]
 [0.42981455]
 [0.61487305]
 [0.40331057]
 [0.44850677]
 [0.51138616]
 [0.5481622 ]
 [0.6512927 ]
 [0.55449784]
 [0.6046506 ]
 [0.6330017 ]
 [0.5335864 ]
 [0.4517525 ]
 [0.45275992]
 [0.6433245 ]
 [0.70683455]
 [0.5436431 ]
 [0.5920427 ]
 [0.61091006]
 [0.4265614 ]
 [0.6750613 ]
 [0.54385906]
 [0.49009728]
 [0.62148756]
 [0.66426665]
 [0.65678144]
 [0.5230901 ]
 [0.5809992 ]
 [0.6334248 ]
 [0.6387197 ]
 [0.5956096 ]
 [0.6551705 ]
 [0.6236226 ]
 [0.52319753]
 [0.63184   ]
 [0.6125243 ]
 [0.53107405]
 [0.63938606]
 [0.45557407]
 [0.531055  ]
 [0.48215327]
 [0.57123107]
 [0.60586727]
 [0.44871542]
 [0.48648453]
 [0.59409714]
 [0.4958724 ]
 [0.56044316]
 [0.4024273 ]
 [0.693197  ]
 [0.40656808]
 [0.40359887]
 [0.6157898 ]
 [0.3593143 ]
 [0.6430018 ]
 [0.63167906]
 [0.4488619 ]
 [0.5586027 ]
 [0.5384305 ]
 [0.54691553]
 [0.6434425 ]
 [0.610651  ]
 [0.4385535 ]
 [0.6228384 ]
 [0.6168432 ]
 [0.3818249 ]
 [0.5829246 ]
 [0.6244639 ]
 [0.65559745]
 [0.4398852 ]
 [0.62751716]
 [0.5980351 ]
 [0.6167147 ]
 [0.52389425]
 [0.4409458 ]
 [0.6373826 ]
 [0.6177817 ]
 [0.5852403 ]
 [0.6231108 ]
 [0.46267486]
 [0.4555579 ]
 [0.65628326]
 [0.5133953 ]
 [0.6418717 ]
 [0.63407105]
 [0.4483305 ]
 [0.52255994]
 [0.64931947]
 [0.5889635 ]
 [0.52096605]
 [0.5955798 ]
 [0.43189248]
 [0.5889932 ]
 [0.61763513]
 [0.66781807]
 [0.48503938]
 [0.6474377 ]
 [0.5709288 ]
 [0.59350634]
 [0.4230586 ]
 [0.53354055]
 [0.6366465 ]
 [0.5398783 ]
 [0.6347813 ]
 [0.4325477 ]
 [0.63664365]
 [0.5120309 ]
 [0.57330954]
 [0.4864963 ]
 [0.56312764]
 [0.54684645]
 [0.51060563]
 [0.54218674]
 [0.57669353]
 [0.6359024 ]
 [0.5775074 ]
 [0.59987354]
 [0.40497363]
 [0.61062485]
 [0.6660559 ]
 [0.6383076 ]
 [0.6332394 ]
 [0.4704104 ]
 [0.40013215]
 [0.44218555]
 [0.48760632]
 [0.6458731 ]
 [0.4447166 ]
 [0.46779546]
 [0.6686519 ]
 [0.6139391 ]
 [0.6952071 ]
 [0.63449204]
 [0.552379  ]
 [0.39129964]
 [0.53007203]
 [0.40522897]
 [0.6583824 ]
 [0.59771997]
 [0.43763593]
 [0.5945786 ]
 [0.6570896 ]
 [0.6490756 ]
 [0.62580323]
 [0.66927063]
 [0.6596341 ]
 [0.56709784]
 [0.64429957]
 [0.6036991 ]
 [0.6543263 ]
 [0.6824954 ]
 [0.46844748]
 [0.6374629 ]
 [0.6377843 ]
 [0.68700093]
 [0.60189   ]
 [0.66276914]
 [0.60390824]
 [0.3321148 ]
 [0.5488486 ]
 [0.5800222 ]
 [0.6134923 ]
 [0.56360006]
 [0.522042  ]
 [0.4841988 ]
 [0.45682034]
 [0.5838943 ]
 [0.5977883 ]
 [0.6309508 ]
 [0.52779377]
 [0.67639244]
 [0.629127  ]
 [0.5566993 ]
 [0.4495184 ]
 [0.60047233]
 [0.50128734]
 [0.52555484]
 [0.5943983 ]
 [0.6084101 ]
 [0.5214993 ]
 [0.6479558 ]
 [0.6614442 ]
 [0.66614324]
 [0.5553932 ]
 [0.47217754]
 [0.6560527 ]
 [0.64593655]
 [0.42154828]
 [0.48805106]
 [0.62374437]
 [0.70435524]
 [0.67484665]
 [0.5670832 ]
 [0.45447642]
 [0.40596348]
 [0.65089595]
 [0.6564611 ]
 [0.4746969 ]
 [0.55956787]
 [0.6050737 ]
 [0.62611294]
 [0.6182343 ]
 [0.6448499 ]
 [0.48267898]
 [0.6152782 ]
 [0.5034459 ]
 [0.52931523]
 [0.5113395 ]
 [0.57041645]
 [0.536503  ]
 [0.54115295]
 [0.6276717 ]
 [0.6595199 ]
 [0.49104974]
 [0.5613451 ]
 [0.62048703]
 [0.4222966 ]
 [0.61206347]
 [0.70001495]
 [0.59801906]
 [0.5819919 ]
 [0.51323986]
 [0.51482093]
 [0.4041293 ]
 [0.5472105 ]
 [0.51986414]
 [0.44913074]
 [0.5587428 ]
 [0.5995466 ]
 [0.4113919 ]
 [0.6283845 ]
 [0.47115436]
 [0.48833132]
 [0.66378605]
 [0.382361  ]
 [0.57145536]
 [0.6078982 ]
 [0.47905165]
 [0.6294821 ]
 [0.5980387 ]
 [0.64915293]
 [0.5347161 ]
 [0.5355685 ]
 [0.52063227]
 [0.44942185]
 [0.42827868]
 [0.5515672 ]
 [0.48829338]
 [0.54790336]
 [0.3825036 ]
 [0.55881053]
 [0.5743084 ]
 [0.5128865 ]
 [0.65889454]
 [0.5962548 ]
 [0.6511526 ]
 [0.6576593 ]
 [0.47128913]
 [0.6087084 ]
 [0.63942355]
 [0.5106377 ]
 [0.44530043]
 [0.53653663]
 [0.55506825]
 [0.5100723 ]
 [0.65660757]
 [0.65746516]
 [0.6777033 ]
 [0.66095173]
 [0.6199486 ]
 [0.59664446]
 [0.5344614 ]
 [0.4666619 ]
 [0.60209715]
 [0.39054027]
 [0.62953526]
 [0.51623285]
 [0.6868766 ]
 [0.50689816]
 [0.5097821 ]
 [0.5965735 ]
 [0.62617356]
 [0.56353295]
 [0.51181567]
 [0.5671154 ]
 [0.56157523]
 [0.61979187]
 [0.43045154]
 [0.5183128 ]
 [0.63361573]
 [0.62014496]
 [0.47906885]
 [0.594502  ]
 [0.50825864]
 [0.66320276]
 [0.61530566]
 [0.4097903 ]
 [0.59909266]
 [0.6356418 ]
 [0.6761334 ]
 [0.48086378]
 [0.35816565]
 [0.6187489 ]
 [0.42566225]
 [0.65617573]
 [0.6155831 ]
 [0.65360594]
 [0.6354453 ]
 [0.6436961 ]
 [0.6127907 ]
 [0.61476064]
 [0.63375354]
 [0.64776236]
 [0.43808466]
 [0.542559  ]
 [0.44704884]
 [0.51358753]
 [0.6278216 ]
 [0.6541539 ]
 [0.61316365]
 [0.48128405]
 [0.4535657 ]
 [0.6414186 ]
 [0.65277576]
 [0.6396705 ]
 [0.4852106 ]
 [0.6638011 ]
 [0.58278084]
 [0.58340895]
 [0.6037861 ]
 [0.5450282 ]
 [0.50663996]
 [0.5976419 ]
 [0.49413717]
 [0.6122833 ]
 [0.5699453 ]
 [0.6119842 ]
 [0.4655656 ]
 [0.4754033 ]
 [0.5801811 ]
 [0.5800382 ]
 [0.5786427 ]
 [0.49931714]
 [0.6224098 ]
 [0.6039481 ]
 [0.40563262]
 [0.53346264]
 [0.57671714]
 [0.42555192]
 [0.629181  ]
 [0.4260576 ]
 [0.38660103]
 [0.65357816]
 [0.49975803]
 [0.4817892 ]
 [0.6680824 ]
 [0.36191043]
 [0.6423612 ]
 [0.5162927 ]
 [0.6649245 ]
 [0.6227057 ]
 [0.5397594 ]
 [0.55764246]
 [0.4369759 ]
 [0.37167802]
 [0.46329382]
 [0.50027764]
 [0.4948935 ]
 [0.370676  ]
 [0.45672294]]
average loss: 0.000000, average correlation: 0.000000

