Using Theano backend.
WARNING (theano.tensor.blas): Using NumPy C-API based implementation for BLAS functions.
Loaded model from disk
('The mse is ', 0.1622137984564138)
[[0.37729636]
 [0.4477512 ]
 [0.33249405]
 [0.35183343]
 [0.42244735]
 [0.39940268]
 [0.38042033]
 [0.40777895]
 [0.40344688]
 [0.4125878 ]
 [0.4030277 ]
 [0.41519138]
 [0.4224467 ]
 [0.39548346]
 [0.39498094]
 [0.44780326]
 [0.38922152]
 [0.36545846]
 [0.3616476 ]
 [0.37139264]
 [0.44303432]
 [0.3444744 ]
 [0.37818524]
 [0.46200362]
 [0.40207157]
 [0.38834685]
 [0.4070176 ]
 [0.3846369 ]
 [0.41016278]
 [0.299706  ]
 [0.41840836]
 [0.40615574]
 [0.41145793]
 [0.40220657]
 [0.43489817]
 [0.4171079 ]
 [0.41481414]
 [0.38614497]
 [0.39971122]
 [0.4358275 ]
 [0.44798663]
 [0.40618154]
 [0.3691059 ]
 [0.37864593]
 [0.41595343]
 [0.46122816]
 [0.44314042]
 [0.4396212 ]
 [0.4324393 ]
 [0.37779355]
 [0.3843193 ]
 [0.37279212]
 [0.34632352]
 [0.40419927]
 [0.3521549 ]
 [0.39483935]
 [0.40291956]
 [0.39686337]
 [0.4054609 ]
 [0.43538982]
 [0.39573774]
 [0.42507648]
 [0.31453258]
 [0.3877692 ]
 [0.47238627]
 [0.3936535 ]
 [0.4317909 ]
 [0.38217822]
 [0.40925756]
 [0.3738508 ]
 [0.38331655]
 [0.3720542 ]
 [0.442478  ]
 [0.39593992]
 [0.47892836]
 [0.28997567]
 [0.43194893]
 [0.45490384]
 [0.40143946]
 [0.4006057 ]
 [0.40938053]
 [0.48043075]
 [0.4121925 ]
 [0.3103676 ]
 [0.4087191 ]
 [0.40187207]
 [0.46201223]
 [0.35264844]
 [0.35805252]
 [0.4335949 ]
 [0.31525788]
 [0.3819922 ]
 [0.45009923]
 [0.40868497]
 [0.38292924]
 [0.38688114]
 [0.41095904]
 [0.46542796]
 [0.3633359 ]
 [0.3436581 ]
 [0.43611577]
 [0.32624915]
 [0.33515733]
 [0.3794928 ]
 [0.43229926]
 [0.47684178]
 [0.37771603]
 [0.39375427]
 [0.41000685]
 [0.40462536]
 [0.45643646]
 [0.3220112 ]
 [0.43373677]
 [0.37341776]
 [0.41976693]
 [0.4978427 ]
 [0.37092105]
 [0.37679955]
 [0.34145236]
 [0.4077255 ]
 [0.40403804]
 [0.39782956]
 [0.3945342 ]
 [0.42207202]
 [0.3165805 ]
 [0.43465817]
 [0.36147508]
 [0.3966364 ]
 [0.45480904]
 [0.40475687]
 [0.4746891 ]
 [0.42724368]
 [0.31527528]
 [0.4005992 ]
 [0.4836776 ]
 [0.3584893 ]
 [0.38785622]
 [0.33627677]
 [0.45329812]
 [0.2804778 ]
 [0.39335734]
 [0.4437562 ]
 [0.41153416]
 [0.28488588]
 [0.37261802]
 [0.41386852]
 [0.47497267]
 [0.3994163 ]
 [0.44808826]
 [0.4073413 ]
 [0.35216093]
 [0.4788024 ]
 [0.46552652]
 [0.35383764]
 [0.4811033 ]
 [0.48856694]
 [0.35963923]
 [0.37345043]
 [0.42472568]
 [0.4213865 ]
 [0.3890206 ]
 [0.37513572]
 [0.37943485]
 [0.3751506 ]
 [0.37764058]
 [0.36864057]
 [0.40328613]
 [0.36273548]
 [0.56038773]
 [0.38459235]
 [0.49092945]
 [0.42654806]
 [0.42244443]
 [0.41611555]
 [0.46597525]
 [0.46990544]
 [0.39540783]
 [0.43408716]
 [0.4269856 ]
 [0.40471643]
 [0.42236024]
 [0.3950401 ]
 [0.3919495 ]
 [0.3748579 ]
 [0.37307128]
 [0.36549726]
 [0.4180582 ]
 [0.44031453]
 [0.44938537]
 [0.38526466]
 [0.4799931 ]
 [0.4260488 ]
 [0.40389803]
 [0.35016805]
 [0.3581157 ]
 [0.3443204 ]
 [0.45427194]
 [0.39406845]
 [0.37566462]
 [0.47351474]
 [0.38201493]
 [0.35784903]
 [0.42131203]
 [0.36477217]
 [0.37520865]
 [0.38988757]
 [0.3536053 ]
 [0.39833388]
 [0.40917724]
 [0.46694306]
 [0.36123666]
 [0.35691965]
 [0.4370906 ]
 [0.3973001 ]
 [0.40833735]
 [0.4626604 ]
 [0.36793503]
 [0.37433827]
 [0.3833457 ]
 [0.44896093]
 [0.3837231 ]
 [0.43555474]
 [0.37675154]
 [0.41305897]
 [0.34702083]
 [0.34826636]
 [0.3762508 ]
 [0.40936595]
 [0.4332494 ]
 [0.43374947]
 [0.43370622]
 [0.41798636]
 [0.43277168]
 [0.38897252]
 [0.41242206]
 [0.4347573 ]
 [0.46729067]
 [0.27776414]
 [0.33603364]
 [0.45669004]
 [0.3738579 ]
 [0.4252196 ]
 [0.38423738]
 [0.46910718]
 [0.43499285]
 [0.38544902]
 [0.38164273]
 [0.38657033]
 [0.3788049 ]
 [0.37005103]
 [0.34445056]
 [0.44457394]
 [0.3735924 ]
 [0.40991542]
 [0.42808726]
 [0.40037   ]
 [0.37675616]
 [0.3762391 ]
 [0.4160074 ]
 [0.3809686 ]
 [0.28502777]
 [0.35682315]
 [0.35067305]
 [0.3567191 ]
 [0.4146613 ]
 [0.41866764]
 [0.52206445]
 [0.39459237]
 [0.37977403]
 [0.44101974]
 [0.33439264]
 [0.4034421 ]
 [0.42619017]
 [0.42927822]
 [0.37048128]
 [0.36017275]
 [0.35911855]
 [0.39658824]
 [0.30614492]
 [0.3482908 ]
 [0.339568  ]
 [0.377814  ]
 [0.38166544]
 [0.32508194]
 [0.41863155]
 [0.30903465]
 [0.4558518 ]
 [0.39642718]
 [0.36856526]
 [0.4187292 ]
 [0.42825428]
 [0.40082094]
 [0.41462937]
 [0.37182516]
 [0.44602036]
 [0.42179075]
 [0.38864142]
 [0.4523948 ]
 [0.40016842]
 [0.41690013]
 [0.37653396]
 [0.40728945]
 [0.3477481 ]
 [0.41297463]
 [0.40746662]
 [0.41686863]
 [0.35584876]
 [0.43796888]
 [0.29150423]
 [0.48422757]
 [0.35972974]
 [0.39114127]
 [0.3319353 ]
 [0.41319713]
 [0.35714054]
 [0.38377962]
 [0.35350838]
 [0.35692653]
 [0.3787996 ]
 [0.42174622]
 [0.41326138]
 [0.3611239 ]
 [0.3885989 ]
 [0.41463217]
 [0.36787704]
 [0.39759266]
 [0.42151162]
 [0.4018974 ]
 [0.43769476]
 [0.3531215 ]
 [0.41755834]
 [0.36251846]
 [0.42959568]
 [0.47080362]
 [0.43423966]
 [0.3494428 ]
 [0.4416473 ]
 [0.48464352]
 [0.44931355]
 [0.52108485]
 [0.37945017]
 [0.3789341 ]
 [0.51365703]
 [0.41401663]
 [0.35704976]
 [0.37087908]
 [0.37515882]
 [0.4486634 ]
 [0.35622045]
 [0.35628977]
 [0.39032885]
 [0.43054643]
 [0.41804203]
 [0.35113287]
 [0.3859458 ]
 [0.4480048 ]
 [0.3591657 ]
 [0.366837  ]
 [0.34954146]
 [0.42649102]
 [0.39996704]
 [0.42202002]
 [0.40125015]
 [0.4218109 ]
 [0.39980468]
 [0.476684  ]
 [0.3533457 ]
 [0.36139312]
 [0.41138345]
 [0.39916888]
 [0.5097911 ]
 [0.38626394]
 [0.38012198]
 [0.36651888]
 [0.44461086]
 [0.4223117 ]
 [0.4808385 ]
 [0.37278906]
 [0.41756058]
 [0.4257203 ]
 [0.3672801 ]
 [0.44979194]
 [0.42743394]
 [0.42591444]
 [0.37800518]
 [0.37746364]
 [0.40808696]
 [0.40881604]
 [0.43942252]
 [0.3829309 ]
 [0.46342364]
 [0.40011284]
 [0.4199781 ]
 [0.39416134]
 [0.39341417]
 [0.35807568]
 [0.430356  ]
 [0.39210755]
 [0.4129621 ]
 [0.39744237]
 [0.39014181]
 [0.3769527 ]
 [0.38990808]
 [0.39490768]
 [0.3946448 ]
 [0.3758518 ]
 [0.43468443]
 [0.45639822]
 [0.3805454 ]
 [0.3583685 ]
 [0.36226645]
 [0.40817854]
 [0.44081405]
 [0.3803945 ]
 [0.38936386]
 [0.35736647]
 [0.41290244]
 [0.40082735]
 [0.42893928]
 [0.42338103]
 [0.3451542 ]
 [0.4519243 ]
 [0.3992182 ]
 [0.3336222 ]
 [0.3943393 ]
 [0.4204144 ]
 [0.42533076]
 [0.4830839 ]
 [0.36361206]
 [0.41502842]]
average loss: 0.000000, average correlation: 0.000000

